0.4142
0.2929
0.3587
0.2223
0.3219
0.164
0.1253
0.1546
0.2125
0.1373
0.08272
0.1757
0.111
0.1107
0.07819
0.06441
0.06198
0.1128
0.04821
0.05027
0.06812
0.05041
0.04306
0.06838
0.05621
0.04842
0.04459
0.04476
0.03187
0.02855
0.02636
0.03475
0.03465
0.0303
0.03653
0.02639
0.0211
0.02819
0.02216
0.02347
0.02212
0.01908
0.0165
0.02019
0.02825
0.023
0.01862
0.02401
0.01977
0.01876
0.01928
0.01651
0.0149
0.01642
0.01905
0.0159
0.01697
0.01506
0.01714
0.01752
0.01483
0.01468
0.01461
0.01257
0.01128
0.01551
0.01283
0.01696
0.01305
0.01438
0.01263
0.01149
0.01313
0.01262
0.01484
0.01314
0.01161
0.01102
0.01306
0.01144
0.01063
0.01242
0.009253
0.009774
0.009676
0.008871
0.01272
0.0109
0.008504
0.01005
0.008468
0.008706
0.008477
0.006648
0.00741
0.007307
0.007854
0.01019
0.006597
0.007538
0.008421
0.00696
0.00676
0.006859
0.007946
0.008136
0.008301
0.007634
0.006612
0.007597
0.006731
0.007314
0.00671
0.007584
0.006411
0.007027
0.005732
0.005537
0.005515
0.006633
0.005828
0.005451
0.006834
0.005217
0.004821
0.005518
0.005118
0.006236
0.005701
0.006629
0.006069
0.006449
0.006805
0.005929
0.005652
0.006656
0.005415
0.005575
0.005782
0.006065