NaN
1.225
0.6124
0.5303
0.6084
0.6565
0.2499
0.1854
0.3253
0.2572
0.1453
0.1355
0.181
0.1427
0.1419
0.1444
0.101
0.1213
0.135
0.1055
0.142
0.1302
0.05191
0.07714
0.1419
0.07427
0.1138
0.07895
0.0814
0.06335
0.07196
0.06558
0.08506
0.0698
0.06421
0.08526
0.09832
0.05261
0.06358
0.06415
0.05556
0.05153
0.08692
0.0754
0.0603
0.05939
0.04406
0.06621
0.0754
0.05913
0.06115
0.07271
0.05128
0.03869
0.05095
0.05872
0.05663
0.05242
0.04928
0.06976
0.05478
0.03657
0.04686
0.04424
0.03966
0.03924
0.04223
0.05402
0.05021
0.04701
0.04217
0.04217
0.02891
0.05997
0.03503
0.04903
0.05316
0.03475
0.04277
0.03723
0.04422
0.04427
0.03394
0.04278
0.03684
0.04535
0.03541
0.04083
0.04208
0.0404
0.05969
0.03308
0.03739
0.03655
0.03106
0.0303
0.03411
0.03966
0.03723
0.03343
0.04386
0.03004
0.02761
0.03302
0.03522
0.03427
0.034
0.03633
0.0376
0.03627
0.02885
0.02656
0.02965
0.03727
0.0409
0.04183
0.03772
0.0321
0.02341
0.0313
0.031
0.02859
0.02324
0.02369
0.03564
0.02933
0.028
0.03524
0.03484
0.02831
0.02772
0.03095
0.02992
0.0294
0.03365
0.02722
0.02302
0.03595
0.03143
0.03503